//// Таблица стрельбы ПКТ
//// Расчитано для:
825     Начальная скорость
0,019     К сопр
0,82     К балл
-5,61000018168837E-5
-5,61000018168837E-5
0,0140969999981831
0,0250985999981834
0,0376472999981837
0,050940899998184
0,0631457999981835
0,0774707999981823
0,0897902999981813
0,10474559999818
0,11740889999818
0,132765299998182
0,145829699998184
0,161529899998186
0,175167299998188
0,19109669999819
0,205249799998192
0,221465699998194
0,236191799998196
0,252636899998198
0,2680505999982
0,284667599998202
0,300711599998204
0,317500499998207
0,334289399998209
0,351250199998211
0,368726699998213
0,385859399998216
0,404080799998218
0,42178649999822
0,440408999998223
0,458974199998216
0,477711299998202
0,497078699998188
0,516216899998174
0,536214599998159
0,556326899998144
0,576381899998129
0,597468299998114
0,618440099998098
0,639641099998083
0,661644299998067
0,683704799998051
0,705937199998034
0,729086399998017
0,752407499998
0,775843199997983
0,800081099997965
0,824777399997947
0,849702899997929
0,87497219999791
0,901043699997901
0,927573599997927
0,954561899997954
0,981951299997982
1,00979909999801
1,03850639999804
1,06778669999807
1,0976399999981
1,12806629999813
1,15906559999816
1,19080979999819
1,22318429999822
1,25630369999826
1,29022529999829
1,32500639999832
1,36058969999836
1,3970324999984
1,43433479999843
1,47261119999847
1,51191899999851
1,55225819999855
1,59368609999859
1,63620269999864
1,67980799999868
1,72461659999872
1,77068579999877
1,81835939999882
1,86740819999887
1,91783219999892
1,96997519999897
2,02383719999902
2,07924629999908
2,13694739999914
2,1963101999992
2,25813689999926
2,32202639999932
2,38855169999939
2,45765549999946
2,52950969999953
2,6043434999996
2,68261529999968
2,76443969999976
2,85004589999985
2,93977769999994
3
3
3
3
3,0000573
4
4
4
4
4
4
4
4
4
4
4
4
4
4
4
4
4
4
4
4
4
4
4
4
4
4
4
4
4
4
4
4
4
4
4
4
4
4
4
4
4
4
4
4
4
4
4
4
4
4
4
4
4
4
4
4
4
4
4
4
4
4
4
4
4
4
4
4
4
4
4
4
4
4
44
4
4
4
4
4
4
4
4
4
4
4
4
4
4
4
4
4
4
4
4
4
4
4
4
4
4
4
4
4
4
4
4
4