tr_leto\tr_leto87.bmp
 2.00000000000000E+0001
 2.00000000000000E+0001
41
41
 2.29999995231628E+0000
 2.28749990463257E+0000
 2.28749990463257E+0000
 2.28749990463257E+0000
 2.28749990463257E+0000
 2.28749990463257E+0000
 2.29999995231628E+0000
 2.29999995231628E+0000
 2.31250000000000E+0000
 2.32500004768372E+0000
 2.33750009536743E+0000
 2.34999990463257E+0000
 2.37500000000000E+0000
 2.38750004768372E+0000
 2.40000009536743E+0000
 2.42499995231628E+0000
 2.43750000000000E+0000
 2.46250009536743E+0000
 2.48749995231628E+0000
 2.51250004768372E+0000
 2.53749990463257E+0000
 2.54999995231628E+0000
 2.57500004768372E+0000
 2.58750009536743E+0000
 2.61249995231628E+0000
 2.63750004768372E+0000
 2.65000009536743E+0000
 2.66249990463257E+0000
 2.67499995231628E+0000
 2.67499995231628E+0000
 2.67499995231628E+0000
 2.67499995231628E+0000
 2.67499995231628E+0000
 2.67499995231628E+0000
 2.66249990463257E+0000
 2.65000009536743E+0000
 2.63750004768372E+0000
 2.62500000000000E+0000
 2.61249995231628E+0000
 2.59999990463257E+0000
 2.58750009536743E+0000
 2.29999995231628E+0000
 2.29999995231628E+0000
 2.28749990463257E+0000
 2.28749990463257E+0000
 2.29999995231628E+0000
 2.29999995231628E+0000
 2.29999995231628E+0000
 2.31250000000000E+0000
 2.32500004768372E+0000
 2.33750009536743E+0000
 2.34999990463257E+0000
 2.36249995231628E+0000
 2.37500000000000E+0000
 2.40000009536743E+0000
 2.41249990463257E+0000
 2.43750000000000E+0000
 2.45000004768372E+0000
 2.46250009536743E+0000
 2.48749995231628E+0000
 2.51250004768372E+0000
 2.53749990463257E+0000
 2.54999995231628E+0000
 2.57500004768372E+0000
 2.58750009536743E+0000
 2.59999990463257E+0000
 2.62500000000000E+0000
 2.63750004768372E+0000
 2.65000009536743E+0000
 2.66249990463257E+0000
 2.67499995231628E+0000
 2.67499995231628E+0000
 2.67499995231628E+0000
 2.67499995231628E+0000
 2.67499995231628E+0000
 2.66249990463257E+0000
 2.66249990463257E+0000
 2.65000009536743E+0000
 2.63750004768372E+0000
 2.62500000000000E+0000
 2.61249995231628E+0000
 2.59999990463257E+0000
 2.31250000000000E+0000
 2.29999995231628E+0000
 2.29999995231628E+0000
 2.29999995231628E+0000
 2.29999995231628E+0000
 2.31250000000000E+0000
 2.31250000000000E+0000
 2.32500004768372E+0000
 2.32500004768372E+0000
 2.33750009536743E+0000
 2.34999990463257E+0000
 2.36249995231628E+0000
 2.38750004768372E+0000
 2.40000009536743E+0000
 2.41249990463257E+0000
 2.43750000000000E+0000
 2.45000004768372E+0000
 2.47499990463257E+0000
 2.50000000000000E+0000
 2.51250004768372E+0000
 2.53749990463257E+0000
 2.54999995231628E+0000
 2.57500004768372E+0000
 2.58750009536743E+0000
 2.59999990463257E+0000
 2.61249995231628E+0000
 2.62500000000000E+0000
 2.63750004768372E+0000
 2.65000009536743E+0000
 2.66249990463257E+0000
 2.66249990463257E+0000
 2.66249990463257E+0000
 2.66249990463257E+0000
 2.66249990463257E+0000
 2.66249990463257E+0000
 2.66249990463257E+0000
 2.65000009536743E+0000
 2.63750004768372E+0000
 2.62500000000000E+0000
 2.61249995231628E+0000
 2.59999990463257E+0000
 2.32500004768372E+0000
 2.31250000000000E+0000
 2.31250000000000E+0000
 2.31250000000000E+0000
 2.31250000000000E+0000
 2.31250000000000E+0000
 2.32500004768372E+0000
 2.33750009536743E+0000
 2.33750009536743E+0000
 2.34999990463257E+0000
 2.36249995231628E+0000
 2.37500000000000E+0000
 2.38750004768372E+0000
 2.40000009536743E+0000
 2.42499995231628E+0000
 2.43750000000000E+0000
 2.46250009536743E+0000
 2.47499990463257E+0000
 2.50000000000000E+0000
 2.51250004768372E+0000
 2.53749990463257E+0000
 2.54999995231628E+0000
 2.57500004768372E+0000
 2.58750009536743E+0000
 2.59999990463257E+0000
 2.61249995231628E+0000
 2.62500000000000E+0000
 2.63750004768372E+0000
 2.65000009536743E+0000
 2.65000009536743E+0000
 2.65000009536743E+0000
 2.65000009536743E+0000
 2.66249990463257E+0000
 2.66249990463257E+0000
 2.66249990463257E+0000
 2.66249990463257E+0000
 2.65000009536743E+0000
 2.63750004768372E+0000
 2.62500000000000E+0000
 2.61249995231628E+0000
 2.59999990463257E+0000
 2.33750009536743E+0000
 2.32500004768372E+0000
 2.32500004768372E+0000
 2.32500004768372E+0000
 2.32500004768372E+0000
 2.32500004768372E+0000
 2.33750009536743E+0000
 2.33750009536743E+0000
 2.34999990463257E+0000
 2.34999990463257E+0000
 2.36249995231628E+0000
 2.37500000000000E+0000
 2.38750004768372E+0000
 2.41249990463257E+0000
 2.42499995231628E+0000
 2.45000004768372E+0000
 2.46250009536743E+0000
 2.47499990463257E+0000
 2.50000000000000E+0000
 2.51250004768372E+0000
 2.53749990463257E+0000
 2.54999995231628E+0000
 2.56250000000000E+0000
 2.57500004768372E+0000
 2.58750009536743E+0000
 2.59999990463257E+0000
 2.61249995231628E+0000
 2.62500000000000E+0000
 2.63750004768372E+0000
 2.65000009536743E+0000
 2.65000009536743E+0000
 2.65000009536743E+0000
 2.65000009536743E+0000
 2.66249990463257E+0000
 2.66249990463257E+0000
 2.65000009536743E+0000
 2.65000009536743E+0000
 2.62500000000000E+0000
 2.61249995231628E+0000
 2.59999990463257E+0000
 2.58750009536743E+0000
 2.33750009536743E+0000
 2.33750009536743E+0000
 2.33750009536743E+0000
 2.33750009536743E+0000
 2.33750009536743E+0000
 2.33750009536743E+0000
 2.33750009536743E+0000
 2.34999990463257E+0000
 2.34999990463257E+0000
 2.36249995231628E+0000
 2.37500000000000E+0000
 2.38750004768372E+0000
 2.40000009536743E+0000
 2.41249990463257E+0000
 2.43750000000000E+0000
 2.45000004768372E+0000
 2.46250009536743E+0000
 2.48749995231628E+0000
 2.50000000000000E+0000
 2.51250004768372E+0000
 2.52500009536743E+0000
 2.54999995231628E+0000
 2.56250000000000E+0000
 2.57500004768372E+0000
 2.57500004768372E+0000
 2.58750009536743E+0000
 2.59999990463257E+0000
 2.61249995231628E+0000
 2.62500000000000E+0000
 2.63750004768372E+0000
 2.63750004768372E+0000
 2.63750004768372E+0000
 2.65000009536743E+0000
 2.65000009536743E+0000
 2.65000009536743E+0000
 2.65000009536743E+0000
 2.63750004768372E+0000
 2.62500000000000E+0000
 2.61249995231628E+0000
 2.59999990463257E+0000
 2.58750009536743E+0000
 2.33750009536743E+0000
 2.33750009536743E+0000
 2.33750009536743E+0000
 2.33750009536743E+0000
 2.33750009536743E+0000
 2.34999990463257E+0000
 2.34999990463257E+0000
 2.34999990463257E+0000
 2.36249995231628E+0000
 2.37500000000000E+0000
 2.37500000000000E+0000
 2.38750004768372E+0000
 2.40000009536743E+0000
 2.41249990463257E+0000
 2.43750000000000E+0000
 2.46250009536743E+0000
 2.47499990463257E+0000
 2.48749995231628E+0000
 2.50000000000000E+0000
 2.51250004768372E+0000
 2.52500009536743E+0000
 2.53749990463257E+0000
 2.54999995231628E+0000
 2.56250000000000E+0000
 2.57500004768372E+0000
 2.57500004768372E+0000
 2.58750009536743E+0000
 2.58750009536743E+0000
 2.59999990463257E+0000
 2.61249995231628E+0000
 2.62500000000000E+0000
 2.62500000000000E+0000
 2.63750004768372E+0000
 2.63750004768372E+0000
 2.63750004768372E+0000
 2.63750004768372E+0000
 2.62500000000000E+0000
 2.61249995231628E+0000
 2.61249995231628E+0000
 2.59999990463257E+0000
 2.58750009536743E+0000
 2.33750009536743E+0000
 2.33750009536743E+0000
 2.33750009536743E+0000
 2.34999990463257E+0000
 2.34999990463257E+0000
 2.34999990463257E+0000
 2.34999990463257E+0000
 2.36249995231628E+0000
 2.36249995231628E+0000
 2.37500000000000E+0000
 2.38750004768372E+0000
 2.38750004768372E+0000
 2.40000009536743E+0000
 2.41249990463257E+0000
 2.43750000000000E+0000
 2.46250009536743E+0000
 2.47499990463257E+0000
 2.48749995231628E+0000
 2.50000000000000E+0000
 2.51250004768372E+0000
 2.52500009536743E+0000
 2.53749990463257E+0000
 2.54999995231628E+0000
 2.54999995231628E+0000
 2.56250000000000E+0000
 2.57500004768372E+0000
 2.57500004768372E+0000
 2.57500004768372E+0000
 2.58750009536743E+0000
 2.59999990463257E+0000
 2.61249995231628E+0000
 2.61249995231628E+0000
 2.62500000000000E+0000
 2.62500000000000E+0000
 2.62500000000000E+0000
 2.61249995231628E+0000
 2.61249995231628E+0000
 2.59999990463257E+0000
 2.59999990463257E+0000
 2.58750009536743E+0000
 2.57500004768372E+0000
 2.33750009536743E+0000
 2.33750009536743E+0000
 2.33750009536743E+0000
 2.34999990463257E+0000
 2.34999990463257E+0000
 2.34999990463257E+0000
 2.34999990463257E+0000
 2.36249995231628E+0000
 2.36249995231628E+0000
 2.37500000000000E+0000
 2.38750004768372E+0000
 2.38750004768372E+0000
 2.40000009536743E+0000
 2.41249990463257E+0000
 2.42499995231628E+0000
 2.45000004768372E+0000
 2.47499990463257E+0000
 2.48749995231628E+0000
 2.50000000000000E+0000
 2.51250004768372E+0000
 2.52500009536743E+0000
 2.52500009536743E+0000
 2.53749990463257E+0000
 2.53749990463257E+0000
 2.54999995231628E+0000
 2.56250000000000E+0000
 2.56250000000000E+0000
 2.57500004768372E+0000
 2.57500004768372E+0000
 2.58750009536743E+0000
 2.58750009536743E+0000
 2.59999990463257E+0000
 2.61249995231628E+0000
 2.61249995231628E+0000
 2.59999990463257E+0000
 2.59999990463257E+0000
 2.58750009536743E+0000
 2.58750009536743E+0000
 2.57500004768372E+0000
 2.57500004768372E+0000
 2.56250000000000E+0000
 2.32500004768372E+0000
 2.33750009536743E+0000
 2.33750009536743E+0000
 2.33750009536743E+0000
 2.34999990463257E+0000
 2.34999990463257E+0000
 2.34999990463257E+0000
 2.36249995231628E+0000
 2.36249995231628E+0000
 2.37500000000000E+0000
 2.38750004768372E+0000
 2.38750004768372E+0000
 2.40000009536743E+0000
 2.41249990463257E+0000
 2.42499995231628E+0000
 2.43750000000000E+0000
 2.46250009536743E+0000
 2.47499990463257E+0000
 2.48749995231628E+0000
 2.50000000000000E+0000
 2.51250004768372E+0000
 2.52500009536743E+0000
 2.52500009536743E+0000
 2.52500009536743E+0000
 2.53749990463257E+0000
 2.54999995231628E+0000
 2.54999995231628E+0000
 2.56250000000000E+0000
 2.56250000000000E+0000
 2.57500004768372E+0000
 2.57500004768372E+0000
 2.58750009536743E+0000
 2.59999990463257E+0000
 2.59999990463257E+0000
 2.58750009536743E+0000
 2.58750009536743E+0000
 2.57500004768372E+0000
 2.56250000000000E+0000
 2.56250000000000E+0000
 2.56250000000000E+0000
 2.54999995231628E+0000
 2.32500004768372E+0000
 2.32500004768372E+0000
 2.33750009536743E+0000
 2.33750009536743E+0000
 2.33750009536743E+0000
 2.33750009536743E+0000
 2.34999990463257E+0000
 2.36249995231628E+0000
 2.36249995231628E+0000
 2.37500000000000E+0000
 2.37500000000000E+0000
 2.38750004768372E+0000
 2.40000009536743E+0000
 2.41249990463257E+0000
 2.42499995231628E+0000
 2.43750000000000E+0000
 2.45000004768372E+0000
 2.46250009536743E+0000
 2.47499990463257E+0000
 2.48749995231628E+0000
 2.50000000000000E+0000
 2.51250004768372E+0000
 2.51250004768372E+0000
 2.52500009536743E+0000
 2.52500009536743E+0000
 2.52500009536743E+0000
 2.53749990463257E+0000
 2.54999995231628E+0000
 2.54999995231628E+0000
 2.56250000000000E+0000
 2.56250000000000E+0000
 2.56250000000000E+0000
 2.57500004768372E+0000
 2.57500004768372E+0000
 2.57500004768372E+0000
 2.56250000000000E+0000
 2.54999995231628E+0000
 2.54999995231628E+0000
 2.54999995231628E+0000
 2.53749990463257E+0000
 2.53749990463257E+0000
 2.31250000000000E+0000
 2.32500004768372E+0000
 2.32500004768372E+0000
 2.32500004768372E+0000
 2.33750009536743E+0000
 2.33750009536743E+0000
 2.34999990463257E+0000
 2.36249995231628E+0000
 2.36249995231628E+0000
 2.36249995231628E+0000
 2.37500000000000E+0000
 2.37500000000000E+0000
 2.38750004768372E+0000
 2.40000009536743E+0000
 2.41249990463257E+0000
 2.42499995231628E+0000
 2.43750000000000E+0000
 2.45000004768372E+0000
 2.47499990463257E+0000
 2.48749995231628E+0000
 2.50000000000000E+0000
 2.50000000000000E+0000
 2.51250004768372E+0000
 2.51250004768372E+0000
 2.51250004768372E+0000
 2.51250004768372E+0000
 2.52500009536743E+0000
 2.52500009536743E+0000
 2.53749990463257E+0000
 2.54999995231628E+0000
 2.54999995231628E+0000
 2.54999995231628E+0000
 2.56250000000000E+0000
 2.56250000000000E+0000
 2.54999995231628E+0000
 2.54999995231628E+0000
 2.53749990463257E+0000
 2.53749990463257E+0000
 2.52500009536743E+0000
 2.52500009536743E+0000
 2.51250004768372E+0000
 2.31250000000000E+0000
 2.32500004768372E+0000
 2.32500004768372E+0000
 2.32500004768372E+0000
 2.33750009536743E+0000
 2.33750009536743E+0000
 2.34999990463257E+0000
 2.34999990463257E+0000
 2.36249995231628E+0000
 2.36249995231628E+0000
 2.36249995231628E+0000
 2.37500000000000E+0000
 2.37500000000000E+0000
 2.38750004768372E+0000
 2.40000009536743E+0000
 2.41249990463257E+0000
 2.42499995231628E+0000
 2.43750000000000E+0000
 2.46250009536743E+0000
 2.47499990463257E+0000
 2.48749995231628E+0000
 2.48749995231628E+0000
 2.50000000000000E+0000
 2.50000000000000E+0000
 2.50000000000000E+0000
 2.50000000000000E+0000
 2.51250004768372E+0000
 2.51250004768372E+0000
 2.52500009536743E+0000
 2.52500009536743E+0000
 2.52500009536743E+0000
 2.53749990463257E+0000
 2.53749990463257E+0000
 2.53749990463257E+0000
 2.53749990463257E+0000
 2.52500009536743E+0000
 2.52500009536743E+0000
 2.51250004768372E+0000
 2.51250004768372E+0000
 2.51250004768372E+0000
 2.50000000000000E+0000
 2.29999995231628E+0000
 2.31250000000000E+0000
 2.31250000000000E+0000
 2.32500004768372E+0000
 2.32500004768372E+0000
 2.33750009536743E+0000
 2.33750009536743E+0000
 2.34999990463257E+0000
 2.36249995231628E+0000
 2.36249995231628E+0000
 2.36249995231628E+0000
 2.36249995231628E+0000
 2.37500000000000E+0000
 2.38750004768372E+0000
 2.40000009536743E+0000
 2.40000009536743E+0000
 2.41249990463257E+0000
 2.42499995231628E+0000
 2.43750000000000E+0000
 2.45000004768372E+0000
 2.46250009536743E+0000
 2.47499990463257E+0000
 2.48749995231628E+0000
 2.48749995231628E+0000
 2.48749995231628E+0000
 2.48749995231628E+0000
 2.50000000000000E+0000
 2.50000000000000E+0000
 2.51250004768372E+0000
 2.51250004768372E+0000
 2.51250004768372E+0000
 2.52500009536743E+0000
 2.52500009536743E+0000
 2.52500009536743E+0000
 2.52500009536743E+0000
 2.51250004768372E+0000
 2.50000000000000E+0000
 2.50000000000000E+0000
 2.48749995231628E+0000
 2.48749995231628E+0000
 2.48749995231628E+0000
 2.29999995231628E+0000
 2.29999995231628E+0000
 2.31250000000000E+0000
 2.31250000000000E+0000
 2.32500004768372E+0000
 2.32500004768372E+0000
 2.33750009536743E+0000
 2.33750009536743E+0000
 2.34999990463257E+0000
 2.34999990463257E+0000
 2.34999990463257E+0000
 2.36249995231628E+0000
 2.36249995231628E+0000
 2.37500000000000E+0000
 2.38750004768372E+0000
 2.38750004768372E+0000
 2.40000009536743E+0000
 2.41249990463257E+0000
 2.42499995231628E+0000
 2.43750000000000E+0000
 2.45000004768372E+0000
 2.46250009536743E+0000
 2.46250009536743E+0000
 2.47499990463257E+0000
 2.47499990463257E+0000
 2.47499990463257E+0000
 2.48749995231628E+0000
 2.48749995231628E+0000
 2.48749995231628E+0000
 2.48749995231628E+0000
 2.50000000000000E+0000
 2.51250004768372E+0000
 2.51250004768372E+0000
 2.50000000000000E+0000
 2.50000000000000E+0000
 2.50000000000000E+0000
 2.48749995231628E+0000
 2.48749995231628E+0000
 2.47499990463257E+0000
 2.47499990463257E+0000
 2.47499990463257E+0000
 2.29999995231628E+0000
 2.29999995231628E+0000
 2.29999995231628E+0000
 2.31250000000000E+0000
 2.31250000000000E+0000
 2.32500004768372E+0000
 2.32500004768372E+0000
 2.33750009536743E+0000
 2.33750009536743E+0000
 2.33750009536743E+0000
 2.34999990463257E+0000
 2.34999990463257E+0000
 2.34999990463257E+0000
 2.36249995231628E+0000
 2.37500000000000E+0000
 2.37500000000000E+0000
 2.38750004768372E+0000
 2.40000009536743E+0000
 2.41249990463257E+0000
 2.42499995231628E+0000
 2.43750000000000E+0000
 2.43750000000000E+0000
 2.45000004768372E+0000
 2.46250009536743E+0000
 2.46250009536743E+0000
 2.47499990463257E+0000
 2.47499990463257E+0000
 2.47499990463257E+0000
 2.47499990463257E+0000
 2.47499990463257E+0000
 2.48749995231628E+0000
 2.48749995231628E+0000
 2.48749995231628E+0000
 2.48749995231628E+0000
 2.48749995231628E+0000
 2.48749995231628E+0000
 2.47499990463257E+0000
 2.47499990463257E+0000
 2.46250009536743E+0000
 2.45000004768372E+0000
 2.45000004768372E+0000
 2.29999995231628E+0000
 2.29999995231628E+0000
 2.29999995231628E+0000
 2.29999995231628E+0000
 2.31250000000000E+0000
 2.31250000000000E+0000
 2.32500004768372E+0000
 2.32500004768372E+0000
 2.32500004768372E+0000
 2.32500004768372E+0000
 2.33750009536743E+0000
 2.33750009536743E+0000
 2.33750009536743E+0000
 2.34999990463257E+0000
 2.34999990463257E+0000
 2.36249995231628E+0000
 2.37500000000000E+0000
 2.37500000000000E+0000
 2.38750004768372E+0000
 2.40000009536743E+0000
 2.41249990463257E+0000
 2.42499995231628E+0000
 2.43750000000000E+0000
 2.45000004768372E+0000
 2.45000004768372E+0000
 2.46250009536743E+0000
 2.46250009536743E+0000
 2.46250009536743E+0000
 2.46250009536743E+0000
 2.47499990463257E+0000
 2.47499990463257E+0000
 2.47499990463257E+0000
 2.47499990463257E+0000
 2.47499990463257E+0000
 2.47499990463257E+0000
 2.47499990463257E+0000
 2.46250009536743E+0000
 2.45000004768372E+0000
 2.43750000000000E+0000
 2.43750000000000E+0000
 2.43750000000000E+0000
 2.29999995231628E+0000
 2.29999995231628E+0000
 2.29999995231628E+0000
 2.29999995231628E+0000
 2.31250000000000E+0000
 2.31250000000000E+0000
 2.32500004768372E+0000
 2.32500004768372E+0000
 2.32500004768372E+0000
 2.32500004768372E+0000
 2.32500004768372E+0000
 2.32500004768372E+0000
 2.33750009536743E+0000
 2.33750009536743E+0000
 2.33750009536743E+0000
 2.34999990463257E+0000
 2.36249995231628E+0000
 2.36249995231628E+0000
 2.37500000000000E+0000
 2.38750004768372E+0000
 2.40000009536743E+0000
 2.41249990463257E+0000
 2.42499995231628E+0000
 2.43750000000000E+0000
 2.43750000000000E+0000
 2.45000004768372E+0000
 2.45000004768372E+0000
 2.45000004768372E+0000
 2.46250009536743E+0000
 2.46250009536743E+0000
 2.46250009536743E+0000
 2.46250009536743E+0000
 2.46250009536743E+0000
 2.46250009536743E+0000
 2.46250009536743E+0000
 2.46250009536743E+0000
 2.45000004768372E+0000
 2.43750000000000E+0000
 2.42499995231628E+0000
 2.42499995231628E+0000
 2.41249990463257E+0000
 2.29999995231628E+0000
 2.29999995231628E+0000
 2.29999995231628E+0000
 2.31250000000000E+0000
 2.31250000000000E+0000
 2.31250000000000E+0000
 2.32500004768372E+0000
 2.32500004768372E+0000
 2.32500004768372E+0000
 2.32500004768372E+0000
 2.32500004768372E+0000
 2.32500004768372E+0000
 2.32500004768372E+0000
 2.32500004768372E+0000
 2.32500004768372E+0000
 2.33750009536743E+0000
 2.34999990463257E+0000
 2.34999990463257E+0000
 2.36249995231628E+0000
 2.37500000000000E+0000
 2.38750004768372E+0000
 2.40000009536743E+0000
 2.41249990463257E+0000
 2.42499995231628E+0000
 2.43750000000000E+0000
 2.45000004768372E+0000
 2.45000004768372E+0000
 2.45000004768372E+0000
 2.45000004768372E+0000
 2.45000004768372E+0000
 2.45000004768372E+0000
 2.45000004768372E+0000
 2.45000004768372E+0000
 2.45000004768372E+0000
 2.45000004768372E+0000
 2.45000004768372E+0000
 2.43750000000000E+0000
 2.42499995231628E+0000
 2.41249990463257E+0000
 2.41249990463257E+0000
 2.40000009536743E+0000
 2.31250000000000E+0000
 2.29999995231628E+0000
 2.31250000000000E+0000
 2.31250000000000E+0000
 2.31250000000000E+0000
 2.32500004768372E+0000
 2.32500004768372E+0000
 2.32500004768372E+0000
 2.32500004768372E+0000
 2.32500004768372E+0000
 2.32500004768372E+0000
 2.32500004768372E+0000
 2.32500004768372E+0000
 2.32500004768372E+0000
 2.32500004768372E+0000
 2.32500004768372E+0000
 2.33750009536743E+0000
 2.34999990463257E+0000
 2.34999990463257E+0000
 2.36249995231628E+0000
 2.37500000000000E+0000
 2.38750004768372E+0000
 2.40000009536743E+0000
 2.41249990463257E+0000
 2.42499995231628E+0000
 2.43750000000000E+0000
 2.43750000000000E+0000
 2.43750000000000E+0000
 2.43750000000000E+0000
 2.45000004768372E+0000
 2.45000004768372E+0000
 2.45000004768372E+0000
 2.45000004768372E+0000
 2.45000004768372E+0000
 2.43750000000000E+0000
 2.43750000000000E+0000
 2.42499995231628E+0000
 2.41249990463257E+0000
 2.40000009536743E+0000
 2.40000009536743E+0000
 2.40000009536743E+0000
 2.29999995231628E+0000
 2.31250000000000E+0000
 2.31250000000000E+0000
 2.31250000000000E+0000
 2.32500004768372E+0000
 2.32500004768372E+0000
 2.32500004768372E+0000
 2.32500004768372E+0000
 2.33750009536743E+0000
 2.33750009536743E+0000
 2.32500004768372E+0000
 2.32500004768372E+0000
 2.32500004768372E+0000
 2.32500004768372E+0000
 2.32500004768372E+0000
 2.32500004768372E+0000
 2.33750009536743E+0000
 2.33750009536743E+0000
 2.34999990463257E+0000
 2.34999990463257E+0000
 2.36249995231628E+0000
 2.37500000000000E+0000
 2.38750004768372E+0000
 2.40000009536743E+0000
 2.41249990463257E+0000
 2.42499995231628E+0000
 2.42499995231628E+0000
 2.43750000000000E+0000
 2.43750000000000E+0000
 2.43750000000000E+0000
 2.43750000000000E+0000
 2.43750000000000E+0000
 2.43750000000000E+0000
 2.43750000000000E+0000
 2.42499995231628E+0000
 2.42499995231628E+0000
 2.41249990463257E+0000
 2.40000009536743E+0000
 2.40000009536743E+0000
 2.38750004768372E+0000
 2.38750004768372E+0000
 2.29999995231628E+0000
 2.29999995231628E+0000
 2.31250000000000E+0000
 2.31250000000000E+0000
 2.32500004768372E+0000
 2.32500004768372E+0000
 2.33750009536743E+0000
 2.33750009536743E+0000
 2.33750009536743E+0000
 2.33750009536743E+0000
 2.32500004768372E+0000
 2.32500004768372E+0000
 2.32500004768372E+0000
 2.32500004768372E+0000
 2.32500004768372E+0000
 2.32500004768372E+0000
 2.32500004768372E+0000
 2.33750009536743E+0000
 2.33750009536743E+0000
 2.34999990463257E+0000
 2.36249995231628E+0000
 2.37500000000000E+0000
 2.38750004768372E+0000
 2.40000009536743E+0000
 2.40000009536743E+0000
 2.41249990463257E+0000
 2.41249990463257E+0000
 2.42499995231628E+0000
 2.42499995231628E+0000
 2.42499995231628E+0000
 2.42499995231628E+0000
 2.42499995231628E+0000
 2.42499995231628E+0000
 2.42499995231628E+0000
 2.41249990463257E+0000
 2.41249990463257E+0000
 2.41249990463257E+0000
 2.40000009536743E+0000
 2.38750004768372E+0000
 2.38750004768372E+0000
 2.37500000000000E+0000
 2.28749990463257E+0000
 2.28749990463257E+0000
 2.29999995231628E+0000
 2.31250000000000E+0000
 2.32500004768372E+0000
 2.32500004768372E+0000
 2.33750009536743E+0000
 2.33750009536743E+0000
 2.33750009536743E+0000
 2.33750009536743E+0000
 2.32500004768372E+0000
 2.32500004768372E+0000
 2.32500004768372E+0000
 2.32500004768372E+0000
 2.32500004768372E+0000
 2.32500004768372E+0000
 2.32500004768372E+0000
 2.33750009536743E+0000
 2.33750009536743E+0000
 2.34999990463257E+0000
 2.36249995231628E+0000
 2.36249995231628E+0000
 2.37500000000000E+0000
 2.38750004768372E+0000
 2.40000009536743E+0000
 2.40000009536743E+0000
 2.41249990463257E+0000
 2.41249990463257E+0000
 2.42499995231628E+0000
 2.42499995231628E+0000
 2.42499995231628E+0000
 2.41249990463257E+0000
 2.41249990463257E+0000
 2.41249990463257E+0000
 2.41249990463257E+0000
 2.41249990463257E+0000
 2.40000009536743E+0000
 2.38750004768372E+0000
 2.38750004768372E+0000
 2.37500000000000E+0000
 2.37500000000000E+0000
 2.27500009536743E+0000
 2.27500009536743E+0000
 2.28749990463257E+0000
 2.29999995231628E+0000
 2.31250000000000E+0000
 2.32500004768372E+0000
 2.33750009536743E+0000
 2.33750009536743E+0000
 2.33750009536743E+0000
 2.33750009536743E+0000
 2.32500004768372E+0000
 2.32500004768372E+0000
 2.32500004768372E+0000
 2.32500004768372E+0000
 2.32500004768372E+0000
 2.32500004768372E+0000
 2.32500004768372E+0000
 2.33750009536743E+0000
 2.34999990463257E+0000
 2.34999990463257E+0000
 2.36249995231628E+0000
 2.36249995231628E+0000
 2.37500000000000E+0000
 2.38750004768372E+0000
 2.38750004768372E+0000
 2.40000009536743E+0000
 2.40000009536743E+0000
 2.41249990463257E+0000
 2.41249990463257E+0000
 2.41249990463257E+0000
 2.41249990463257E+0000
 2.40000009536743E+0000
 2.40000009536743E+0000
 2.40000009536743E+0000
 2.40000009536743E+0000
 2.40000009536743E+0000
 2.40000009536743E+0000
 2.38750004768372E+0000
 2.37500000000000E+0000
 2.37500000000000E+0000
 2.36249995231628E+0000
 2.26250004768372E+0000
 2.26250004768372E+0000
 2.27500009536743E+0000
 2.28749990463257E+0000
 2.29999995231628E+0000
 2.31250000000000E+0000
 2.32500004768372E+0000
 2.32500004768372E+0000
 2.32500004768372E+0000
 2.32500004768372E+0000
 2.32500004768372E+0000
 2.32500004768372E+0000
 2.32500004768372E+0000
 2.31250000000000E+0000
 2.31250000000000E+0000
 2.32500004768372E+0000
 2.32500004768372E+0000
 2.33750009536743E+0000
 2.34999990463257E+0000
 2.34999990463257E+0000
 2.36249995231628E+0000
 2.36249995231628E+0000
 2.37500000000000E+0000
 2.37500000000000E+0000
 2.38750004768372E+0000
 2.40000009536743E+0000
 2.40000009536743E+0000
 2.40000009536743E+0000
 2.40000009536743E+0000
 2.40000009536743E+0000
 2.40000009536743E+0000
 2.40000009536743E+0000
 2.40000009536743E+0000
 2.40000009536743E+0000
 2.40000009536743E+0000
 2.40000009536743E+0000
 2.38750004768372E+0000
 2.38750004768372E+0000
 2.37500000000000E+0000
 2.36249995231628E+0000
 2.36249995231628E+0000
 2.23749995231628E+0000
 2.25000000000000E+0000
 2.25000000000000E+0000
 2.26250004768372E+0000
 2.27500009536743E+0000
 2.28749990463257E+0000
 2.29999995231628E+0000
 2.31250000000000E+0000
 2.31250000000000E+0000
 2.31250000000000E+0000
 2.31250000000000E+0000
 2.31250000000000E+0000
 2.31250000000000E+0000
 2.31250000000000E+0000
 2.31250000000000E+0000
 2.32500004768372E+0000
 2.32500004768372E+0000
 2.33750009536743E+0000
 2.34999990463257E+0000
 2.34999990463257E+0000
 2.36249995231628E+0000
 2.36249995231628E+0000
 2.37500000000000E+0000
 2.37500000000000E+0000
 2.38750004768372E+0000
 2.38750004768372E+0000
 2.38750004768372E+0000
 2.38750004768372E+0000
 2.38750004768372E+0000
 2.38750004768372E+0000
 2.38750004768372E+0000
 2.38750004768372E+0000
 2.38750004768372E+0000
 2.38750004768372E+0000
 2.38750004768372E+0000
 2.38750004768372E+0000
 2.38750004768372E+0000
 2.37500000000000E+0000
 2.36249995231628E+0000
 2.36249995231628E+0000
 2.34999990463257E+0000
 2.21250009536743E+0000
 2.22499990463257E+0000
 2.23749995231628E+0000
 2.23749995231628E+0000
 2.25000000000000E+0000
 2.26250004768372E+0000
 2.27500009536743E+0000
 2.28749990463257E+0000
 2.28749990463257E+0000
 2.29999995231628E+0000
 2.29999995231628E+0000
 2.29999995231628E+0000
 2.29999995231628E+0000
 2.31250000000000E+0000
 2.31250000000000E+0000
 2.31250000000000E+0000
 2.32500004768372E+0000
 2.33750009536743E+0000
 2.33750009536743E+0000
 2.34999990463257E+0000
 2.34999990463257E+0000
 2.36249995231628E+0000
 2.36249995231628E+0000
 2.37500000000000E+0000
 2.37500000000000E+0000
 2.37500000000000E+0000
 2.37500000000000E+0000
 2.37500000000000E+0000
 2.37500000000000E+0000
 2.37500000000000E+0000
 2.37500000000000E+0000
 2.37500000000000E+0000
 2.37500000000000E+0000
 2.37500000000000E+0000
 2.37500000000000E+0000
 2.37500000000000E+0000
 2.37500000000000E+0000
 2.36249995231628E+0000
 2.36249995231628E+0000
 2.34999990463257E+0000
 2.34999990463257E+0000
 2.20000004768372E+0000
 2.20000004768372E+0000
 2.21250009536743E+0000
 2.22499990463257E+0000
 2.23749995231628E+0000
 2.23749995231628E+0000
 2.25000000000000E+0000
 2.26250004768372E+0000
 2.27500009536743E+0000
 2.27500009536743E+0000
 2.28749990463257E+0000
 2.28749990463257E+0000
 2.28749990463257E+0000
 2.29999995231628E+0000
 2.29999995231628E+0000
 2.31250000000000E+0000
 2.32500004768372E+0000
 2.32500004768372E+0000
 2.33750009536743E+0000
 2.34999990463257E+0000
 2.34999990463257E+0000
 2.36249995231628E+0000
 2.36249995231628E+0000
 2.36249995231628E+0000
 2.36249995231628E+0000
 2.36249995231628E+0000
 2.36249995231628E+0000
 2.36249995231628E+0000
 2.36249995231628E+0000
 2.36249995231628E+0000
 2.36249995231628E+0000
 2.36249995231628E+0000
 2.36249995231628E+0000
 2.36249995231628E+0000
 2.36249995231628E+0000
 2.36249995231628E+0000
 2.36249995231628E+0000
 2.34999990463257E+0000
 2.34999990463257E+0000
 2.33750009536743E+0000
 2.33750009536743E+0000
 2.17499995231628E+0000
 2.17499995231628E+0000
 2.18750000000000E+0000
 2.20000004768372E+0000
 2.21250009536743E+0000
 2.21250009536743E+0000
 2.22499990463257E+0000
 2.23749995231628E+0000
 2.25000000000000E+0000
 2.25000000000000E+0000
 2.26250004768372E+0000
 2.26250004768372E+0000
 2.27500009536743E+0000
 2.27500009536743E+0000
 2.28749990463257E+0000
 2.29999995231628E+0000
 2.31250000000000E+0000
 2.31250000000000E+0000
 2.32500004768372E+0000
 2.33750009536743E+0000
 2.34999990463257E+0000
 2.36249995231628E+0000
 2.36249995231628E+0000
 2.36249995231628E+0000
 2.36249995231628E+0000
 2.36249995231628E+0000
 2.36249995231628E+0000
 2.36249995231628E+0000
 2.34999990463257E+0000
 2.34999990463257E+0000
 2.34999990463257E+0000
 2.34999990463257E+0000
 2.34999990463257E+0000
 2.34999990463257E+0000
 2.34999990463257E+0000
 2.34999990463257E+0000
 2.34999990463257E+0000
 2.33750009536743E+0000
 2.33750009536743E+0000
 2.32500004768372E+0000
 2.32500004768372E+0000
 2.15000009536743E+0000
 2.15000009536743E+0000
 2.16249990463257E+0000
 2.16249990463257E+0000
 2.17499995231628E+0000
 2.17499995231628E+0000
 2.18750000000000E+0000
 2.20000004768372E+0000
 2.21250009536743E+0000
 2.22499990463257E+0000
 2.22499990463257E+0000
 2.23749995231628E+0000
 2.23749995231628E+0000
 2.25000000000000E+0000
 2.26250004768372E+0000
 2.27500009536743E+0000
 2.28749990463257E+0000
 2.29999995231628E+0000
 2.31250000000000E+0000
 2.32500004768372E+0000
 2.33750009536743E+0000
 2.34999990463257E+0000
 2.34999990463257E+0000
 2.34999990463257E+0000
 2.36249995231628E+0000
 2.36249995231628E+0000
 2.36249995231628E+0000
 2.34999990463257E+0000
 2.34999990463257E+0000
 2.33750009536743E+0000
 2.33750009536743E+0000
 2.33750009536743E+0000
 2.33750009536743E+0000
 2.33750009536743E+0000
 2.33750009536743E+0000
 2.33750009536743E+0000
 2.32500004768372E+0000
 2.32500004768372E+0000
 2.32500004768372E+0000
 2.32500004768372E+0000
 2.31250000000000E+0000
 2.11249995231628E+0000
 2.11249995231628E+0000
 2.12500000000000E+0000
 2.12500000000000E+0000
 2.13750004768372E+0000
 2.15000009536743E+0000
 2.15000009536743E+0000
 2.16249990463257E+0000
 2.17499995231628E+0000
 2.18750000000000E+0000
 2.18750000000000E+0000
 2.20000004768372E+0000
 2.21250009536743E+0000
 2.21250009536743E+0000
 2.22499990463257E+0000
 2.23749995231628E+0000
 2.26250004768372E+0000
 2.27500009536743E+0000
 2.28749990463257E+0000
 2.29999995231628E+0000
 2.31250000000000E+0000
 2.32500004768372E+0000
 2.33750009536743E+0000
 2.33750009536743E+0000
 2.34999990463257E+0000
 2.34999990463257E+0000
 2.34999990463257E+0000
 2.33750009536743E+0000
 2.33750009536743E+0000
 2.33750009536743E+0000
 2.33750009536743E+0000
 2.32500004768372E+0000
 2.32500004768372E+0000
 2.32500004768372E+0000
 2.31250000000000E+0000
 2.31250000000000E+0000
 2.31250000000000E+0000
 2.31250000000000E+0000
 2.31250000000000E+0000
 2.29999995231628E+0000
 2.29999995231628E+0000
 2.07500004768372E+0000
 2.07500004768372E+0000
 2.07500004768372E+0000
 2.08750009536743E+0000
 2.09999990463257E+0000
 2.11249995231628E+0000
 2.11249995231628E+0000
 2.12500000000000E+0000
 2.13750004768372E+0000
 2.15000009536743E+0000
 2.15000009536743E+0000
 2.16249990463257E+0000
 2.17499995231628E+0000
 2.17499995231628E+0000
 2.18750000000000E+0000
 2.20000004768372E+0000
 2.22499990463257E+0000
 2.23749995231628E+0000
 2.25000000000000E+0000
 2.26250004768372E+0000
 2.27500009536743E+0000
 2.29999995231628E+0000
 2.31250000000000E+0000
 2.31250000000000E+0000
 2.32500004768372E+0000
 2.32500004768372E+0000
 2.32500004768372E+0000
 2.32500004768372E+0000
 2.32500004768372E+0000
 2.32500004768372E+0000
 2.32500004768372E+0000
 2.31250000000000E+0000
 2.31250000000000E+0000
 2.29999995231628E+0000
 2.29999995231628E+0000
 2.29999995231628E+0000
 2.29999995231628E+0000
 2.29999995231628E+0000
 2.28749990463257E+0000
 2.28749990463257E+0000
 2.27500009536743E+0000
 2.03749990463257E+0000
 2.03749990463257E+0000
 2.03749990463257E+0000
 2.03749990463257E+0000
 2.04999995231628E+0000
 2.06250000000000E+0000
 2.07500004768372E+0000
 2.08750009536743E+0000
 2.08750009536743E+0000
 2.09999990463257E+0000
 2.11249995231628E+0000
 2.12500000000000E+0000
 2.12500000000000E+0000
 2.12500000000000E+0000
 2.13750004768372E+0000
 2.15000009536743E+0000
 2.17499995231628E+0000
 2.18750000000000E+0000
 2.20000004768372E+0000
 2.22499990463257E+0000
 2.23749995231628E+0000
 2.26250004768372E+0000
 2.27500009536743E+0000
 2.27500009536743E+0000
 2.28749990463257E+0000
 2.28749990463257E+0000
 2.29999995231628E+0000
 2.29999995231628E+0000
 2.29999995231628E+0000
 2.29999995231628E+0000
 2.29999995231628E+0000
 2.28749990463257E+0000
 2.28749990463257E+0000
 2.27500009536743E+0000
 2.27500009536743E+0000
 2.27500009536743E+0000
 2.27500009536743E+0000
 2.27500009536743E+0000
 2.27500009536743E+0000
 2.26250004768372E+0000
 2.26250004768372E+0000
 1.98749995231628E+0000
 2.00000000000000E+0000
 2.00000000000000E+0000
 2.00000000000000E+0000
 2.01250004768372E+0000
 2.02500009536743E+0000
 2.02500009536743E+0000
 2.03749990463257E+0000
 2.04999995231628E+0000
 2.06250000000000E+0000
 2.06250000000000E+0000
 2.07500004768372E+0000
 2.07500004768372E+0000
 2.07500004768372E+0000
 2.08750009536743E+0000
 2.09999990463257E+0000
 2.11249995231628E+0000
 2.12500000000000E+0000
 2.15000009536743E+0000
 2.17499995231628E+0000
 2.18750000000000E+0000
 2.21250009536743E+0000
 2.22499990463257E+0000
 2.22499990463257E+0000
 2.23749995231628E+0000
 2.25000000000000E+0000
 2.26250004768372E+0000
 2.26250004768372E+0000
 2.26250004768372E+0000
 2.26250004768372E+0000
 2.26250004768372E+0000
 2.26250004768372E+0000
 2.26250004768372E+0000
 2.25000000000000E+0000
 2.25000000000000E+0000
 2.25000000000000E+0000
 2.25000000000000E+0000
 2.25000000000000E+0000
 2.23749995231628E+0000
 2.23749995231628E+0000
 2.23749995231628E+0000
 1.95000004768372E+0000
 1.96249997615814E+0000
 1.96249997615814E+0000
 1.96249997615814E+0000
 1.96249997615814E+0000
 1.97500002384186E+0000
 1.97500002384186E+0000
 1.98749995231628E+0000
 2.00000000000000E+0000
 2.01250004768372E+0000
 2.02500009536743E+0000
 2.02500009536743E+0000
 2.02500009536743E+0000
 2.02500009536743E+0000
 2.02500009536743E+0000
 2.03749990463257E+0000
 2.04999995231628E+0000
 2.06250000000000E+0000
 2.08750009536743E+0000
 2.11249995231628E+0000
 2.12500000000000E+0000
 2.15000009536743E+0000
 2.16249990463257E+0000
 2.17499995231628E+0000
 2.18750000000000E+0000
 2.20000004768372E+0000
 2.21250009536743E+0000
 2.21250009536743E+0000
 2.21250009536743E+0000
 2.22499990463257E+0000
 2.22499990463257E+0000
 2.22499990463257E+0000
 2.22499990463257E+0000
 2.21250009536743E+0000
 2.21250009536743E+0000
 2.21250009536743E+0000
 2.21250009536743E+0000
 2.21250009536743E+0000
 2.21250009536743E+0000
 2.21250009536743E+0000
 2.21250009536743E+0000
 1.91250002384186E+0000
 1.91250002384186E+0000
 1.91250002384186E+0000
 1.92499995231628E+0000
 1.92499995231628E+0000
 1.93750000000000E+0000
 1.93750000000000E+0000
 1.93750000000000E+0000
 1.95000004768372E+0000
 1.96249997615814E+0000
 1.97500002384186E+0000
 1.97500002384186E+0000
 1.97500002384186E+0000
 1.97500002384186E+0000
 1.97500002384186E+0000
 1.97500002384186E+0000
 1.98749995231628E+0000
 2.00000000000000E+0000
 2.02500009536743E+0000
 2.03749990463257E+0000
 2.06250000000000E+0000
 2.07500004768372E+0000
 2.08750009536743E+0000
 2.11249995231628E+0000
 2.12500000000000E+0000
 2.13750004768372E+0000
 2.15000009536743E+0000
 2.15000009536743E+0000
 2.16249990463257E+0000
 2.17499995231628E+0000
 2.17499995231628E+0000
 2.17499995231628E+0000
 2.17499995231628E+0000
 2.17499995231628E+0000
 2.17499995231628E+0000
 2.17499995231628E+0000
 2.17499995231628E+0000
 2.17499995231628E+0000
 2.17499995231628E+0000
 2.17499995231628E+0000
 2.17499995231628E+0000
 1.87500000000000E+0000
 1.87500000000000E+0000
 1.87500000000000E+0000
 1.88750004768372E+0000
 1.88750004768372E+0000
 1.89999997615814E+0000
 1.89999997615814E+0000
 1.89999997615814E+0000
 1.91250002384186E+0000
 1.91250002384186E+0000
 1.91250002384186E+0000
 1.91250002384186E+0000
 1.91250002384186E+0000
 1.92499995231628E+0000
 1.92499995231628E+0000
 1.92499995231628E+0000
 1.93750000000000E+0000
 1.95000004768372E+0000
 1.96249997615814E+0000
 1.97500002384186E+0000
 1.98749995231628E+0000
 2.00000000000000E+0000
 2.01250004768372E+0000
 2.03749990463257E+0000
 2.04999995231628E+0000
 2.06250000000000E+0000
 2.07500004768372E+0000
 2.08750009536743E+0000
 2.09999990463257E+0000
 2.11249995231628E+0000
 2.11249995231628E+0000
 2.11249995231628E+0000
 2.12500000000000E+0000
 2.12500000000000E+0000
 2.12500000000000E+0000
 2.12500000000000E+0000
 2.12500000000000E+0000
 2.13750004768372E+0000
 2.13750004768372E+0000
 2.13750004768372E+0000
 2.13750004768372E+0000
 1.83749997615814E+0000
 1.83749997615814E+0000
 1.85000002384186E+0000
 1.85000002384186E+0000
 1.85000002384186E+0000
 1.85000002384186E+0000
 1.86249995231628E+0000
 1.86249995231628E+0000
 1.86249995231628E+0000
 1.86249995231628E+0000
 1.86249995231628E+0000
 1.86249995231628E+0000
 1.86249995231628E+0000
 1.87500000000000E+0000
 1.87500000000000E+0000
 1.87500000000000E+0000
 1.88750004768372E+0000
 1.88750004768372E+0000
 1.89999997615814E+0000
 1.91250002384186E+0000
 1.92499995231628E+0000
 1.93750000000000E+0000
 1.95000004768372E+0000
 1.96249997615814E+0000
 1.97500002384186E+0000
 1.98749995231628E+0000
 2.00000000000000E+0000
 2.02500009536743E+0000
 2.03749990463257E+0000
 2.03749990463257E+0000
 2.04999995231628E+0000
 2.04999995231628E+0000
 2.06250000000000E+0000
 2.07500004768372E+0000
 2.07500004768372E+0000
 2.07500004768372E+0000
 2.07500004768372E+0000
 2.08750009536743E+0000
 2.08750009536743E+0000
 2.09999990463257E+0000
 2.09999990463257E+0000
 1.79999995231628E+0000
 1.81250000000000E+0000
 1.81250000000000E+0000
 1.81250000000000E+0000
 1.81250000000000E+0000
 1.81250000000000E+0000
 1.81250000000000E+0000
 1.81250000000000E+0000
 1.81250000000000E+0000
 1.82500004768372E+0000
 1.82500004768372E+0000
 1.82500004768372E+0000
 1.82500004768372E+0000
 1.82500004768372E+0000
 1.83749997615814E+0000
 1.83749997615814E+0000
 1.83749997615814E+0000
 1.83749997615814E+0000
 1.85000002384186E+0000
 1.86249995231628E+0000
 1.86249995231628E+0000
 1.87500000000000E+0000
 1.88750004768372E+0000
 1.89999997615814E+0000
 1.91250002384186E+0000
 1.92499995231628E+0000
 1.93750000000000E+0000
 1.95000004768372E+0000
 1.96249997615814E+0000
 1.97500002384186E+0000
 1.98749995231628E+0000
 1.98749995231628E+0000
 2.00000000000000E+0000
 2.01250004768372E+0000
 2.01250004768372E+0000
 2.01250004768372E+0000
 2.02500009536743E+0000
 2.03749990463257E+0000
 2.03749990463257E+0000
 2.04999995231628E+0000
 2.04999995231628E+0000
 1.76250004768372E+0000
 1.77499997615814E+0000
 1.77499997615814E+0000
 1.77499997615814E+0000
 1.77499997615814E+0000
 1.77499997615814E+0000
 1.77499997615814E+0000
 1.77499997615814E+0000
 1.77499997615814E+0000
 1.78750002384186E+0000
 1.78750002384186E+0000
 1.78750002384186E+0000
 1.78750002384186E+0000
 1.78750002384186E+0000
 1.78750002384186E+0000
 1.78750002384186E+0000
 1.78750002384186E+0000
 1.79999995231628E+0000
 1.79999995231628E+0000
 1.81250000000000E+0000
 1.81250000000000E+0000
 1.82500004768372E+0000
 1.83749997615814E+0000
 1.85000002384186E+0000
 1.86249995231628E+0000
 1.86249995231628E+0000
 1.87500000000000E+0000
 1.88750004768372E+0000
 1.89999997615814E+0000
 1.91250002384186E+0000
 1.92499995231628E+0000
 1.93750000000000E+0000
 1.95000004768372E+0000
 1.95000004768372E+0000
 1.96249997615814E+0000
 1.96249997615814E+0000
 1.97500002384186E+0000
 1.98749995231628E+0000
 1.98749995231628E+0000
 2.00000000000000E+0000
 2.01250004768372E+0000
 1.73749995231628E+0000
 1.73749995231628E+0000
 1.73749995231628E+0000
 1.73749995231628E+0000
 1.73749995231628E+0000
 1.73749995231628E+0000
 1.73749995231628E+0000
 1.73749995231628E+0000
 1.73749995231628E+0000
 1.75000000000000E+0000
 1.75000000000000E+0000
 1.75000000000000E+0000
 1.75000000000000E+0000
 1.75000000000000E+0000
 1.75000000000000E+0000
 1.75000000000000E+0000
 1.75000000000000E+0000
 1.76250004768372E+0000
 1.76250004768372E+0000
 1.77499997615814E+0000
 1.77499997615814E+0000
 1.77499997615814E+0000
 1.78750002384186E+0000
 1.79999995231628E+0000
 1.81250000000000E+0000
 1.81250000000000E+0000
 1.82500004768372E+0000
 1.83749997615814E+0000
 1.85000002384186E+0000
 1.86249995231628E+0000
 1.87500000000000E+0000
 1.88750004768372E+0000
 1.89999997615814E+0000
 1.89999997615814E+0000
 1.91250002384186E+0000
 1.91250002384186E+0000
 1.92499995231628E+0000
 1.93750000000000E+0000
 1.95000004768372E+0000
 1.96249997615814E+0000
 1.96249997615814E+0000
Ориентиры
10
 1.26000000000000E+0002
 1.61000000000000E+0002
130
 1.27500000000000E+0002
 1.62500000000000E+0002
220
 1.28500000000000E+0002
 1.63500000000000E+0002
220
 1.29500000000000E+0002
 1.65500000000000E+0002
130
 1.32000000000000E+0002
 1.66500000000000E+0002
220
 1.34500000000000E+0002
 1.67000000000000E+0002
130
 1.37000000000000E+0002
 1.67000000000000E+0002
220
 1.39500000000000E+0002
 1.67000000000000E+0002
130
 1.32607000000000E+0002
 1.70906000000000E+0002
24
 1.32468000000000E+0002
 1.69714000000000E+0002
24
