ЗАГОЛОВКИ
0-бег
1-целится с колена
2-стреляет с колена
3-сидит на колене
4-целится лежа
5-стреляет лежа
6-резерв
7-умер

СОДЕРЖИМОЕ
0-нет действия
1-есть файл с описанием действия
2-пустое действие
3-действие повторяет другое (расшифровка под таблицей)

__________________________________________________________________
	0	1	2	3	4	5	6	7

0	1	0	0	2	1	0	0	1

1	0	1	2	2	0	0	0	3

2	0	2	1	0	0	0	0	3

3	2	2	0	1	2	0	0	3

4	3	0	0	2	1	2	0	2

5	0	0	0	0	2	1	0	2

6	0	0	0	0	0	0	0	0

7	0	0	0	0	0	0	0	1
__________________________________________________________________
1 7 0 7
2 7 0 7
3 7 0 7
4 0 0 4